STARLINK-61             
1 44249U 19029Q   22160.26773778  .00161622  00000+0  22640-2 0  9995
2 44249  52.9679 102.0784 0012224 102.1891 258.0488 15.55669776168319
STARLINK-71             
1 44252U 19029T   22160.34695653  .00050525  00000+0  14112-2 0  9997
2 44252  52.9958 144.1767 0007582  19.3256 340.8031 15.36212800167680
STARLINK-1007           
1 44713U 19074A   22160.52500048 -.00001439  00000+0 -77746-4 0  9998
2 44713  53.0542 213.0257 0001581  65.5038 294.6116 15.06390524142384
STARLINK-1008           
1 44714U 19074B   22160.43747191  .00000609  00000+0  59817-4 0  9996
2 44714  53.0523 213.4418 0001491  57.6168 302.4966 15.06391963142371
STARLINK-1009           
1 44715U 19074C   22160.55910846 -.00000670  00000+0 -26068-4 0  9991
2 44715  53.0546 212.8930 0001507  78.9126 281.2032 15.06392631142389
STARLINK-1010           
1 44716U 19074D   22160.51119931 -.00001758  00000+0 -99150-4 0  9994
2 44716  53.0548 213.1127 0001376  75.3729 284.7412 15.06390539142361
STARLINK-1011           
1 44717U 19074E   22160.57571047 -.00000907  00000+0 -42035-4 0  9996
2 44717  53.0544 232.7997 0002006  43.8333 316.2815 15.06381068142110
STARLINK-1012           
1 44718U 19074F   22160.41535697  .00000349  00000+0  42323-4 0  9999
2 44718  53.0548 213.5386 0001391  70.2607 289.8532 15.06397290142360
STARLINK-1013           
1 44719U 19074G   22160.55542490 -.00001287  00000+0 -67509-4 0  9991
2 44719  53.0535 212.9093 0001814  56.2934 303.8227 15.06394840143516
STARLINK-1014           
1 44720U 19074H   22160.44022107 -.00000007  00000+0  18439-4 0  9995
2 44720  53.0536 213.4022 0001580  61.7907 298.3241 15.06390020142371
STARLINK-1015           
1 44721U 19074J   22160.56279786 -.00000009  00000+0  18277-4 0  9998
2 44721  53.0545 212.8737 0001805  66.6311 293.4868 15.06393525142386
STARLINK-1016           
1 44722U 19074K   22160.43379858 -.00001513  00000+0 -82715-4 0  9996
2 44722  53.0554 213.4526 0001511  73.2225 286.8929 15.06385354142376
STARLINK-1017           
1 44723U 19074L   22160.51487744 -.00000417  00000+0 -90888-5 0  9993
2 44723  53.0538 213.0945 0001443  63.4758 296.6378 15.06396461142385
STARLINK-1019           
1 44724U 19074M   22160.54436402 -.00000367  00000+0 -57057-5 0  9997
2 44724  53.0551 212.9649 0001645  51.0083 309.1052 15.06398337142381
STARLINK-1020           
1 44725U 19074N   22160.48355490 -.00002608  00000+0 -15630-3 0  9997
2 44725  53.0546 233.2154 0001669  72.8320 287.2852 15.06389593142090
STARLINK-1021           
1 44726U 19074P   22160.54067907 -.00000300  00000+0 -12284-5 0  9999
2 44726  53.0530 212.9651 0001399  66.3584 293.7551 15.06400733142380
STARLINK-1022           
1 44727U 19074Q   22160.44390528 -.00000967  00000+0 -46019-4 0  9998
2 44727  53.0558 253.4077 0001636  78.8762 281.2411 15.06393204141822
STARLINK-1024           
1 44729U 19074S   22160.43370802  .00009939  00000+0  56130-3 0  9992
2 44729  53.0013 223.5124 0000645  26.2570 333.8454 15.13713531142193
STARLINK-1026           
1 44731U 19074U   22160.55173326 -.00000052  00000+0  15407-4 0  9991
2 44731  53.0561 212.9178 0001463  61.5154 298.5982 15.06400705142386
STARLINK-1027           
1 44732U 19074V   22160.47250138 -.00002070  00000+0 -12017-3 0  9996
2 44732  53.0547 233.2669 0001391  62.3126 297.8004 15.06383037142093
STARLINK-1028           
1 44733U 19074W   22160.40431885 -.00000936  00000+0 -43949-4 0  9998
2 44733  53.0526 213.5790 0001703  47.7784 312.3349 15.06378893142360
STARLINK-1029           
1 44734U 19074X   22160.35270149 -.00000798  00000+0 -34688-4 0  9993
2 44734  53.0558 133.8174 0001879  54.9155 305.2010 15.06394525143459
STARLINK-1030           
1 44735U 19074Y   22160.34717753 -.00001047  00000+0 -51388-4 0  9994
2 44735  53.0578 233.8366 0001645  63.0121 297.1036 15.06389216142076
STARLINK-1031           
1 44736U 19074Z   22160.49460636 -.00000113  00000+0  11306-4 0  9994
2 44736  53.0536 233.1856 0001427  57.6754 302.4372 15.06393035142108
STARLINK-1032           
1 44737U 19074AA  22160.50566228 -.00000960  00000+0 -45542-4 0  9991
2 44737  53.0538 233.1359 0001695  61.8817 298.2343 15.06391130142107
STARLINK-1033           
1 44738U 19074AB  22160.49091984 -.00000642  00000+0 -24172-4 0  9995
2 44738  53.0548 233.1993 0001741  59.2161 300.8999 15.06395941142097
STARLINK-1052           
1 44739U 19074AC  22160.50032049  .00010653  00000+0  58991-3 0  9991
2 44739  52.9951 223.2104 0001962 359.3535   0.7454 15.14343884142193
STARLINK-1035           
1 44740U 19074AD  22160.50198023 -.00000631  00000+0 -23440-4 0  9997
2 44740  53.0559 233.1502 0001657  62.8828 297.2330 15.06387568142100
STARLINK-1036           
1 44741U 19074AE  22160.57939008 -.00002046  00000+0 -11852-3 0  9996
2 44741  53.0539 232.7900 0001525  68.0631 292.0520 15.06382425142112
STARLINK-1038           
1 44743U 19074AG  22160.56280813 -.00001197  00000+0 -61494-4 0  9994
2 44743  53.0563 252.8743 0001478  72.5725 287.5426 15.06381109141920
STARLINK-1039           
1 44744U 19074AH  22160.37481784  .00000521  00000+0  53873-4 0  9994
2 44744  53.0577 253.7137 0001489  71.1976 288.9174 15.06389549141806
STARLINK-1041           
1 44746U 19074AK  22160.55911361  .00000968  00000+0  83865-4 0  9994
2 44746  53.0556 252.8955 0001549  52.8180 307.2950 15.06407280141836
STARLINK-1042           
1 44747U 19074AL  22160.52224486  .00000947  00000+0  82458-4 0  9991
2 44747  53.0563 253.0615 0001354  73.2285 286.8853 15.06403863141835
STARLINK-1043           
1 44748U 19074AM  22160.55174816 -.00001137  00000+0 -57458-4 0  9992
2 44748  53.0571 252.9168 0001479  70.0349 290.0800 15.06384750141832
STARLINK-1046           
1 44751U 19074AQ  22160.43379008 -.00001295  00000+0 -68045-4 0  9992
2 44751  53.0551 253.4540 0001458  59.2619 300.8513 15.06390089141811
STARLINK-1047           
1 44752U 19074AR  22160.25501715  .00000457  00000+0  49562-4 0  9995
2 44752  53.0552 234.2592 0001813  70.6396 289.4789 15.06398349142063
STARLINK-1048           
1 44753U 19074AS  22160.52594386 -.00001905  00000+0 -10905-3 0  9991
2 44753  53.0559 213.0364 0001684  72.3674 287.7499 15.06391503142386
STARLINK-1049           
1 44754U 19074AT  22160.52962372 -.00000128  00000+0  10327-4 0  9990
2 44754  53.0534 213.0291 0001393  65.5806 294.5328 15.06391414142385
STARLINK-1034           
1 44757U 19074AW  22160.46512757 -.00001922  00000+0 -11023-3 0  9991
2 44757  53.0536 233.3111 0001714  56.8997 303.2156 15.06386614142098
STARLINK-1053           
1 44758U 19074AX  22160.54260619  .00000624  00000+0  61992-4 0  9995
2 44758  53.0544 252.9938 0001424  72.4413 287.6731 15.05575950141834
STARLINK-1054           
1 44759U 19074AY  22160.52962618 -.00000580  00000+0 -20041-4 0  9995
2 44759  53.0534 253.0140 0001435  79.4799 280.6352 15.06387709139470
STARLINK-1055           
1 44760U 19074AZ  22160.38218803 -.00000836  00000+0 -37226-4 0  9998
2 44760  53.0566 253.6855 0001966  58.9765 301.1417 15.06396929141816
STARLINK-1056           
1 44761U 19074BA  22160.52593657 -.00000593  00000+0 -20936-4 0  9998
2 44761  53.0554 253.0366 0001532  63.4814 296.6332 15.06397986141830
STARLINK-1057           
1 44762U 19074BB  22160.46143250  .00000530  00000+0  54479-4 0  9990
2 44762  53.0561 233.3230 0001612  55.2316 304.8825 15.06394747142095
STARLINK-1058           
1 44763U 19074BC  22160.54805564 -.00000990  00000+0 -47591-4 0  9992
2 44763  53.0537 252.9446 0001613  61.9289 298.1863 15.06389393141838
STARLINK-1059           
1 44764U 19074BD  22160.45757967  .00002388  00000+0  17882-3 0  9996
2 44764  53.0554 233.3499 0001701  58.8742 301.2413 15.06476772142090
STARLINK-1060           
1 44765U 19074BE  22160.47617514 -.00000498  00000+0 -14525-4 0  9996
2 44765  53.0549 233.2510 0001476  69.1822 290.9325 15.06390238142099
STARLINK-1061           
1 44766U 19074BF  22160.54068260 -.00000676  00000+0 -26489-4 0  9993
2 44766  53.0564 252.9753 0001442  81.4924 278.6228 15.06394045141833
STARLINK-1062           
1 44767U 19074BG  22160.53236606 -.00001795  00000+0 -10161-3 0  9996
2 44767  53.0555 252.9918 0002135  61.5664 298.5540 15.06391235141833
STARLINK-1063           
1 44768U 19074BH  22160.35639431 -.00002473  00000+0 -14727-3 0  9996
2 44768  53.0553 253.7839 0001507  59.3839 300.7298 15.06382502141815
STARLINK-1067           
1 44771U 19074BL  22160.54436497 -.00000581  00000+0 -20129-4 0  9990
2 44771  53.0558 252.9476 0002001  47.5821 312.5337 15.06391060141838
STARLINK-1068           
1 44772U 19074BM  22160.46880468 -.00001024  00000+0 -49864-4 0  9993
2 44772  53.0529 233.2966 0001642  67.2337 292.8825 15.06395481142096
STARLINK-1073           
1 44914U 20001A   22160.28635901 -.00001778  00000+0 -10050-3 0  9993
2 44914  53.0551  14.1029 0002133  55.5210 304.5980 15.06387627133446
STARLINK-1084           
1 44915U 20001B   22160.58122334  .00000127  00000+0  27444-4 0  9999
2 44915  53.0563  12.7762 0001669  70.6093 289.5076 15.06395076133498
STARLINK-1098           
1 44917U 20001D   22160.58491107 -.00000265  00000+0  10758-5 0  9993
2 44917  53.0551  12.7663 0001449  76.6760 283.4391 15.06395019133490
STARLINK-1099           
1 44918U 20001E   22160.33058526 -.00000613  00000+0 -22287-4 0  9998
2 44918  53.0537  13.9019 0001444  69.3279 290.7865 15.06387228134190
STARLINK-1102           
1 44920U 20001G   22160.07993303 -.00000559  00000+0 -18660-4 0  9992
2 44920  53.0568  15.0400 0001465  60.4237 299.6898 15.06393280133416
STARLINK-1103           
1 44921U 20001H   22160.30014762 -.00000893  00000+0 -41093-4 0  9999
2 44921  53.0571  14.0283 0001348  72.9836 287.1301 15.06398558133427
STARLINK-1104           
1 44922U 20001J   22160.59965146 -.00000579  00000+0 -19964-4 0  9995
2 44922  53.0567  12.6930 0001712  62.8481 297.2683 15.06395509133490
STARLINK-1106           
1 44923U 20001K   22160.29372419 -.00000486  00000+0 -13729-4 0  9998
2 44923  53.0556  14.0845 0001387  69.1579 290.9559 15.06393562133440
STARLINK-1111           
1 44924U 20001L   22160.54805522 -.00000851  00000+0 -38256-4 0  9991
2 44924  53.0546  12.9433 0001620  70.4620 289.6544 15.06387574133481
STARLINK-1112           
1 44925U 20001M   22160.29741281 -.00001136  00000+0 -57403-4 0  9997
2 44925  53.0563  14.0541 0001769  65.1684 294.9488 15.06394722133444
STARLINK-1113           
1 44926U 20001N   22160.56735822 -.00000814  00000+0 -36680-4 0  9998
2 44926  53.0019  12.8633 0001551  90.4220 269.6945 15.05575439134190
STARLINK-1114           
1 44927U 20001P   22160.30847229 -.00001957  00000+0 -11252-3 0  9992
2 44927  53.0563  14.0003 0001793  64.3293 295.7881 15.06393562133451
STARLINK-1119           
1 44928U 20001Q   22160.30477880 -.00000977  00000+0 -46715-4 0  9999
2 44928  53.0549  14.0188 0001911  60.7134 299.4046 15.06398402133458
STARLINK-1121           
1 44929U 20001R   22160.55543155 -.00001755  00000+0 -98986-4 0  9998
2 44929  53.0538  12.8929 0001894  51.8129 308.3030 15.06390067133486
STARLINK-1123           
1 44930U 20001S   22160.32321998  .00000666  00000+0  63629-4 0  9998
2 44930  53.0569  13.9365 0001369  71.7154 288.3984 15.06381896133456
STARLINK-1128           
1 44931U 20001T   22160.59787446 -.00001536  00000+0 -74214-4 0  9993
2 44931  53.0548   7.4528 0002956  51.8041 308.3216 15.10666715134318
STARLINK-1130 (DARKSAT) 
1 44932U 20001U   22160.31215472 -.00000338  00000+0 -37974-5 0  9991
2 44932  53.0551  13.9947 0001745  61.7135 298.4030 15.06390561134680
STARLINK-1144           
1 44933U 20001V   22160.07256213 -.00000270  00000+0  77368-6 0  9999
2 44933  53.0564  15.0786 0001755  74.1175 286.0008 15.06400019134703
STARLINK-1071           
1 44934U 20001W   22159.95278166  .00012396  00000+0  85086-3 0  9990
2 44934  53.0561 355.6141 0002043  86.0382 274.0841 15.06345416133678
STARLINK-1079           
1 44937U 20001Z   22160.26239726 -.00001029  00000+0 -50234-4 0  9999
2 44937  53.0557 354.2201 0001466  80.4101 279.7053 15.06392331133724
STARLINK-1082           
1 44938U 20001AA  22160.56096631 -.00002563  00000+0 -15328-3 0  9997
2 44938  53.0562 352.8818 0001534  62.6655 297.4490 15.06392507133762
STARLINK-1083           
1 44939U 20001AB  22160.23658810 -.00002376  00000+0 -14067-3 0  9996
2 44939  53.0564 354.3310 0001424  61.1408 298.9724 15.06399624133715
STARLINK-1091           
1 44940U 20001AC  22160.24765291 -.00001602  00000+0 -88690-4 0  9996
2 44940  53.0563 354.2853 0001821  57.6595 302.4570 15.06389039133714
STARLINK-1094           
1 44941U 20001AD  22160.53515375 -.00000713  00000+0 -29014-4 0  9992
2 44941  53.0576 352.9968 0001253  59.6899 300.4214 15.06395250133769
STARLINK-1096           
1 44942U 20001AE  22160.51112795  .00008217  00000+0  55626-3 0  9992
2 44942  53.0544 352.9983 0002149 105.5041 254.6186 15.07304225133768
STARLINK-1100           
1 44943U 20001AF  22160.23290284 -.00000329  00000+0 -31800-5 0  9990
2 44943  53.0566 354.3546 0001592  77.6770 282.4397 15.06399454133718
STARLINK-1108           
1 44944U 20001AG  22160.54621166 -.00000429  00000+0 -98791-5 0  9995
2 44944  53.0558 352.9459 0001593  68.2489 291.8669 15.06388104133762
STARLINK-1109           
1 44945U 20001AH  22160.24396985  .00006012  00000+0  42255-3 0  9995
2 44945  53.0559 354.2936 0001929  63.5385 296.5801 15.06367448133718
STARLINK-1110           
1 44946U 20001AJ  22160.23396702  .00013486  00000+0  74730-3 0  9998
2 44946  53.0052 342.9072 0002062 130.4688 229.6483 15.14095719133846
STARLINK-1116           
1 44947U 20001AK  22160.53147013 -.00000849  00000+0 -38095-4 0  9997
2 44947  53.0563 353.0000 0001794  61.7068 298.4102 15.06388386133766
STARLINK-1122           
1 44949U 20001AM  22159.96013668  .00000650  00000+0  62526-4 0  9996
2 44949  53.0551 355.5735 0001531  72.7129 287.4027 15.06397402133679
STARLINK-1125           
1 44950U 20001AN  22160.54421795  .00008393  00000+0  53472-3 0  9999
2 44950  53.0533 351.9491 0001600 142.5427 217.5675 15.09526733133772
STARLINK-1126           
1 44951U 20001AP  22159.93222559  .00013387  00000+0  74840-3 0  9999
2 44951  53.0060 345.1136 0002162 126.9878 233.1311 15.13785272135075
STARLINK-1117           
1 44952U 20001AQ  22160.27345178 -.00000490  00000+0 -13959-4 0  9990
2 44952  53.0560 354.1698 0001937  62.7462 297.3724 15.06389060133726
STARLINK-1124           
1 44953U 20001AR  22159.82649555 -.00001828  00000+0 -10382-3 0  9998
2 44953  53.0551 356.1616 0001557  75.7766 284.3396 15.06412064134945
STARLINK-1066           
1 44954U 20001AS  22160.50382402 -.00001243  00000+0 -64606-4 0  9991
2 44954  53.0590 333.1286 0001678  70.6819 289.4351 15.06386822133986
STARLINK-1069           
1 44955U 20001AT  22160.51120467 -.00002694  00000+0 -16201-3 0  9992
2 44955  53.0539 333.1057 0001958  62.5013 297.6175 15.06392279133981
STARLINK-1070           
1 44956U 20001AU  22160.50750301 -.00001056  00000+0 -52024-4 0  9993
2 44956  53.0534 333.1255 0000945  52.9696 307.1379 15.06396183134041
STARLINK-1074           
1 44957U 20001AV  22160.20062466  .00000207  00000+0  32792-4 0  9994
2 44957  53.0552 334.4854 0001667  75.7649 284.3525 15.06397504133994
STARLINK-1076           
1 44959U 20001AX  22160.48170939 -.00002462  00000+0 -14647-3 0  9996
2 44959  53.0553 333.2295 0001847  56.2065 303.9100 15.06395526134034
STARLINK-1080           
1 44961U 20001AZ  22160.42273169 -.00000300  00000+0 -12572-5 0  9998
2 44961  53.0550 333.5101 0001663  84.5503 275.5675 15.06393543134038
STARLINK-1085           
1 44963U 20001BB  22160.53308146  .00014486  00000+0  78060-3 0  9996
2 44963  52.9983 321.1606 0000830 114.3645 245.7434 15.15032407134913
STARLINK-1086           
1 44964U 20001BC  22160.18683063 -.00000183  00000+0  65947-5 0  9994
2 44964  53.0536 334.5483 0001257  84.3216 275.7916 15.06391920133998
STARLINK-1088           
1 44966U 20001BE  22160.54068031 -.00000536  00000+0 -17089-4 0  9994
2 44966  53.0565 332.9768 0001281  82.0845 278.0289 15.06394191134049
STARLINK-1089           
1 44967U 20001BF  22160.49644072  .00000722  00000+0  67397-4 0  9996
2 44967  53.0555 333.1691 0001573  75.1336 284.9828 15.06399226134048
STARLINK-1090           
1 44968U 20001BG  22160.55911286 -.00000812  00000+0 -35621-4 0  9995
2 44968  53.0547 332.8938 0001759  76.7254 283.3931 15.06391131134058
STARLINK-1092           
1 44969U 20001BH  22160.22000740 -.00000562  00000+0 -18858-4 0  9999
2 44969  53.0558 334.4136 0001425  74.6952 285.4194 15.06392640133993
STARLINK-1093           
1 44970U 20001BJ  22160.46328042 -.00001137  00000+0 -57476-4 0  9993
2 44970  53.0566 333.3095 0001115  92.0187 268.0930 15.06391235134025
STARLINK-1107           
1 44972U 20001BL  22160.43378736 -.00001083  00000+0 -53857-4 0  9996
2 44972  53.0556 333.4579 0001198  76.0498 284.0625 15.06393724134037
STARLINK-1115           
1 44973U 20001BM  22160.47802185 -.00000061  00000+0  14790-4 0  9998
2 44973  53.0556 333.2541 0001726  71.7796 288.3381 15.06390794134035
TJS-5                   
1 44978U 20002A   22160.56916260 -.00000328  00000+0  00000+0 0  9994
2 44978   0.3496  90.8948 0001939  21.7639  97.5990  1.00276134  8971
JILIN-01 KUANFU 01      
1 45016U 20003A   22160.50922227  .00001563  00000+0  10010-3 0  9990
2 45016  97.6689 224.7679 0001033  66.8415  41.2118 15.10041578133452
NUSAT-7 (SOPHIE)        
1 45017U 20003B   22160.48745940  .00007425  00000+0  22205-3 0  9995
2 45017  97.2150 222.5029 0012792  36.6722  70.6406 15.34766644134009
NUSAT-8 (MARIE)         
1 45018U 20003C   22160.50510955  .00009143  00000+0  25003-3 0  9993
2 45018  97.2281 224.1608 0011299  38.5597  69.4212 15.37523026134041
TIANQI-5                
1 45019U 20003D   22160.51049189  .00004672  00000+0  15514-3 0  9999
2 45019  97.2197 221.0806 0013060  49.2948  57.3068 15.31615235133874
YINHE-1                 
1 45024U 20004A   22160.56858699  .00000308  00000+0  41356-4 0  9991
2 45024  86.3969  53.3942 0016704  89.3199 270.9935 14.75518217129144
GSAT-30                 
1 45026U 20005A   22160.48558538 -.00000150  00000+0  00000+0 0  9996
2 45026   0.0458 126.4599 0005558 321.7179  67.4768  1.00269775  8794
EUTELSAT KONNECT        
1 45027U 20005B   22160.23938162  .00000065  00000+0  00000+0 0  9999
2 45027   0.0543 101.0426 0000534  99.9230 150.0038  1.00272721  9592
STPSAT-4                
1 45043U 98067QY  22160.22389686  .00061024  00000+0  41203-3 0  9996
2 45043  51.6373 338.9347 0004382 198.8757 161.2080 15.74471746134206
STARLINK-1132           
1 45044U 20006A   22160.45221514 -.00001527  00000+0 -83598-4 0  9993
2 45044  53.0552 293.3747 0001408  42.4091 317.7007 15.06403581130368
STARLINK-1120           
1 45045U 20006B   22160.37296959 -.00000296  00000+0 -94676-6 0  9993
2 45045  53.0562 313.7163 0001783  49.6109 310.5035 15.06390137130076
STARLINK-1129           
1 45046U 20006C   22160.51040923  .00012700  00000+0  69372-3 0  9991
2 45046  52.9948 301.6162 0000369 178.5259 181.5734 15.14660169130217
STARLINK-1131           
1 45047U 20006D   22159.91222724 -.00000868  00000+0 -39387-4 0  9993
2 45047  53.0564 315.7942 0001640  72.7353 287.3815 15.06404052130009
STARLINK-1134           
1 45048U 20006E   22160.45037356 -.00000460  00000+0 -11992-4 0  9990
2 45048  53.0552 313.3641 0001222  84.6668 275.4461 15.06396789130084
STARLINK-1135           
1 45049U 20006F   22160.51809620  .00001557  00000+0  11282-3 0  9996
2 45049  53.0553 311.6695 0001357  52.5879 307.5235 15.09871403130117
STARLINK-1140           
1 45050U 20006G   22160.52778146 -.00003621  00000+0 -22443-3 0  9994
2 45050  53.0540 313.0168 0001493  65.9597 294.1548 15.06383095130099
STARLINK-1141           
1 45051U 20006H   22160.43463050  .00012213  00000+0  71082-3 0  9998
2 45051  53.0515 309.6798 0000668 133.4450 226.6598 15.12417562130138
STARLINK-1148           
1 45052U 20006J   22160.53514454  .00001320  00000+0  10748-3 0  9994
2 45052  53.0565 312.9883 0001629  77.6941 282.4230 15.06401290130090
STARLINK-1155           
1 45053U 20006K   22160.10385503  .00012474  00000+0  71565-3 0  9995
2 45053  53.0025 307.2696 0001543 115.7312 244.3839 15.12917814130107
STARLINK-1156           
1 45054U 20006L   22160.39877309  .00000103  00000+0  25840-4 0  9999
2 45054  53.0557 313.6163 0001632  87.6064 272.5112 15.06393014130074
STARLINK-1159           
1 45057U 20006P   22160.54621009  .00001896  00000+0  14615-3 0  9990
2 45057  53.0575 312.9370 0001233  76.4612 283.6514 15.06388941130107
STARLINK-1162           
1 45058U 20006Q   22160.53884639 -.00000710  00000+0 -28808-4 0  9996
2 45058  53.0569 312.9711 0001449  78.9774 281.1378 15.06385291130101
STARLINK-1165           
1 45059U 20006R   22160.16287774  .00000228  00000+0  34190-4 0  9996
2 45059  53.0570 314.6745 0001622  79.9555 280.1617 15.06389489130042
STARLINK-1166           
1 45060U 20006S   22160.55727520 -.00001226  00000+0 -63460-4 0  9992
2 45060  53.0558 312.8956 0001412  62.8978 297.2155 15.06382471130108
STARLINK-1169           
1 45061U 20006T   22160.16655504 -.00000950  00000+0 -44869-4 0  9997
2 45061  53.0544 314.6509 0001326  71.3428 288.7705 15.06397091130040
STARLINK-1171           
1 45062U 20006U   22160.54990172 -.00000710  00000+0 -28741-4 0  9998
2 45062  53.0560 312.9256 0001653  72.7631 287.3539 15.06392135130104
STARLINK-1133           
1 45064U 20006W   22160.49645713 -.00002199  00000+0 -12884-3 0  9995
2 45064  53.0564 293.1769 0001580  74.1357 285.9806 15.06386650130374
STARLINK-1139           
1 45065U 20006X   22160.50012469  .00000867  00000+0  77058-4 0  9997
2 45065  53.0554 293.1553 0001275  75.7366 284.3765 15.06403229130372
STARLINK-1145           
1 45066U 20006Y   22160.54068168 -.00000672  00000+0 -26220-4 0  9990
2 45066  53.0541 292.9663 0001577  64.6810 295.4342 15.06400074130373
STARLINK-1150           
1 45067U 20006Z   22160.09099001  .00000392  00000+0  45214-4 0  9992
2 45067  53.0576 294.9820 0001389  78.9131 281.2015 15.06401564130313
STARLINK-1161           
1 45068U 20006AA  22160.52866129 -.00000634  00000+0 -23696-4 0  9995
2 45068  53.0579 292.8907 0001259  83.0663 277.0469 15.06392265130372
STARLINK-1167           
1 45071U 20006AD  22160.45591125 -.00001025  00000+0 -49953-4 0  9991
2 45071  53.0538 293.3574 0001233  69.1600 290.9521 15.06380930130363
STARLINK-1168           
1 45072U 20006AE  22160.52593739 -.00000474  00000+0 -12960-4 0  9998
2 45072  53.0567 293.0396 0001448  74.6020 285.5129 15.06391989130371
STARLINK-1170           
1 45073U 20006AF  22160.08731284 -.00002385  00000+0 -14125-3 0  9996
2 45073  53.0543 294.9939 0002003  43.1006 317.0140 15.06407227130302
STARLINK-1172           
1 45074U 20006AG  22160.47064498  .00000456  00000+0  49525-4 0  9994
2 45074  53.0543 293.2835 0001317  67.4594 292.6534 15.06395884130364
STARLINK-1174           
1 45075U 20006AH  22160.50383132 -.00002782  00000+0 -16796-3 0  9997
2 45075  53.0538 293.1247 0001678  90.6015 269.5166 15.06398411130375
STARLINK-1180           
1 45076U 20006AJ  22160.51119903 -.00002094  00000+0 -12173-3 0  9993
2 45076  53.0567 293.1017 0001477  72.3368 287.7782 15.06387700130373
STARLINK-1177           
1 45078U 20006AL  22160.46327940 -.00002088  00000+0 -12135-3 0  9992
2 45078  53.0560 293.3250 0001603  66.4956 293.6201 15.06385716130352
STARLINK-1149           
1 45079U 20006AM  22160.37387341 -.00001021  00000+0 -49654-4 0  9997
2 45079  53.0554 293.6943 0001425 102.4297 257.6852 15.06388034130346
STARLINK-1153           
1 45080U 20006AN  22160.44853361 -.00001014  00000+0 -49139-4 0  9997
2 45080  53.0542 293.3805 0002126  56.8661 303.2532 15.06395055130361
STARLINK-1151           
1 45081U 20006AP  22160.49276419 -.00000083  00000+0  13298-4 0  9997
2 45081  53.0548 293.1856 0001315  69.8984 290.2147 15.06389031130378
STARLINK-1160           
1 45082U 20006AQ  22160.48170753 -.00000705  00000+0 -28420-4 0  9996
2 45082  53.0570 293.2374 0001726  58.7939 301.3219 15.06391311130360
STARLINK-1190           
1 45083U 20006AR  22160.51304001 -.00000824  00000+0 -36444-4 0  9993
2 45083  53.0548 313.1032 0001400  75.6291 284.4854 15.06388962130091
STARLINK-1173           
1 45084U 20006AS  22160.49461646 -.00000606  00000+0 -21823-4 0  9993
2 45084  53.0560 273.1812 0001472  67.5297 292.5848 15.06384219130658
STARLINK-1179           
1 45085U 20006AT  22160.49093249 -.00000796  00000+0 -34582-4 0  9990
2 45085  53.0565 273.1863 0001563  78.2867 281.8298 15.06391622130659
STARLINK-1181           
1 45086U 20006AU  22160.58978709  .00012798  00000+0  68937-3 0  9997
2 45086  52.9997 263.1782 0000756   5.1706 354.9294 15.15152673130682
STARLINK-1185           
1 45087U 20006AV  22160.60888172 -.00002306  00000+0 -13599-3 0  9995
2 45087  53.0557 272.6543 0001639  85.4735 274.6441 15.06389562130671
STARLINK-1183           
1 45088U 20006AW  22160.56464892 -.00000870  00000+0 -39507-4 0  9992
2 45088  53.0541 272.8583 0001393  64.8877 295.2257 15.06384723130663
STARLINK-1136           
1 45089U 20006AX  22160.57202672 -.00000181  00000+0  67548-5 0  9991
2 45089  53.0552 272.9159 0001536  62.3007 297.8138 15.06387341130679
STARLINK-1176           
1 45090U 20006AY  22160.61530101 -.00004061  00000+0 -25402-3 0  9992
2 45090  53.0553 272.6262 0001475  85.7567 274.3590 15.06383960130671
STARLINK-1137           
1 45092U 20006BA  22160.59044821 -.00001163  00000+0 -59195-4 0  9997
2 45092  53.0560 272.7571 0001404  72.2046 287.9096 15.06384104130661
STARLINK-1142           
1 45093U 20006BB  22160.58676677 -.00001975  00000+0 -11378-3 0  9998
2 45093  53.0563 272.7683 0001462  81.9054 278.2101 15.06384201130667
STARLINK-1146           
1 45094U 20006BC  22160.60055212 -.00000312  00000+0 -20666-5 0  9994
2 45094  53.0550 272.6898 0001440  75.2362 284.8787 15.06396953130676
STARLINK-1147           
1 45095U 20006BD  22160.60519607 -.00002716  00000+0 -16359-3 0  9990
2 45095  53.0546 272.6757 0001714  63.8180 296.2985 15.06383531130676
STARLINK-1152           
1 45096U 20006BE  22160.59781666 -.00000698  00000+0 -27998-4 0  9994
2 45096  53.0540 272.7111 0001570  64.9827 295.1325 15.06391115130668
STARLINK-1184           
1 45098U 20006BG  22160.57939081 -.00002306  00000+0 -13599-3 0  9999
2 45098  53.0540 272.7919 0001522  83.2560 276.8602 15.06386193130665
STARLINK-1186           
1 45099U 20006BH  22160.61255469 -.00000580  00000+0 -20050-4 0  9999
2 45099  53.0552 272.6595 0001559  62.0769 298.0378 15.06401121130670
STARLINK-1193           
1 45100U 20006BJ  22160.44301011 -.00004494  00000+0 -28300-3 0  9991
2 45100  53.0567 273.4122 0001836  68.0482 292.0702 15.06398073130643
STARLINK-1194           
1 45101U 20006BK  22160.57107719 -.00001090  00000+0 -54297-4 0  9999
2 45101  53.0557 272.8097 0001458  66.9951 293.1192 15.06377528130664
STARLINK-1195           
1 45102U 20006BL  22160.59413309 -.00000984  00000+0 -47198-4 0  9990
2 45102  53.0548 272.7318 0001462  76.4115 283.7037 15.06388192130665
STARLINK-1196           
1 45103U 20006BM  22160.56001351 -.00000390  00000+0 -73076-5 0  9994
2 45103  53.0505 272.9106 0001332  90.5023 269.6118 15.06387388130666
STARLINK-1138           
1 45178U 20012A   22160.47986588 -.00000965  00000+0 -45895-4 0  9992
2 45178  53.0566  73.2523 0001586  62.9014 297.2136 15.06387610128408
STARLINK-1143           
1 45179U 20012B   22160.48355376  .00000397  00000+0  45596-4 0  9994
2 45179  53.0554  73.2149 0001797  62.1056 298.0115 15.06381282128463
STARLINK-1192           
1 45180U 20012C   22160.04120393  .00011135  00000+0  70827-3 0  9993
2 45180  53.0527  74.1191 0002472  54.9941 305.1281 15.09266094128410
STARLINK-1200           
1 45181U 20012D   22160.46880354 -.00000615  00000+0 -22363-4 0  9996
2 45181  53.0567  73.3025 0001849  67.3550 292.7635 15.06397514128461
STARLINK-1201           
1 45182U 20012E   22160.42273062 -.00001248  00000+0 -64918-4 0  9990
2 45182  53.0534  53.5007 0001618  63.3648 296.7507 15.06387126128587
STARLINK-1202           
1 45183U 20012F   22160.17392758 -.00000531  00000+0 -16729-4 0  9998
2 45183  53.0562  74.6179 0001839  62.7636 297.3540 15.06393846128421
STARLINK-1205           
1 45184U 20012G   22160.43010198 -.00000877  00000+0 -39980-4 0  9990
2 45184  53.0563  53.4711 0001833  59.8544 300.2626 15.06390040127778
STARLINK-1216           
1 45185U 20012H   22160.16655571 -.00001052  00000+0 -51746-4 0  9991
2 45185  53.0555  74.6480 0001487  59.6611 300.4525 15.06393366127770
STARLINK-1224           
1 45186U 20012J   22160.44669117 -.00002327  00000+0 -13735-3 0  9995
2 45186  53.0559  73.3923 0002087  59.1776 300.9418 15.06393149128403
STARLINK-1225           
1 45187U 20012K   22160.45036916 -.00000076  00000+0  13808-4 0  9992
2 45187  53.0584  73.3805 0001716  53.0275 307.0871 15.06397312128458
STARLINK-1228           
1 45188U 20012L   22160.34716866  .00000135  00000+0  27967-4 0  9996
2 45188  53.0533  33.8500 0001376  64.3619 295.7512 15.06392941128958
STARLINK-1230           
1 45189U 20012M   22160.18867034 -.00001381  00000+0 -73801-4 0  9997
2 45189  53.0556  74.5548 0001737  55.0445 305.0707 15.06397308125649
STARLINK-1234           
1 45190U 20012N   22160.33979491 -.00001490  00000+0 -81141-4 0  9994
2 45190  53.0550  33.8791 0002105  46.8512 313.2653 15.06395786128907
STARLINK-1236           
1 45191U 20012P   22160.46144764 -.00000881  00000+0 -40286-4 0  9994
2 45191  53.0568  73.3312 0001860  61.5096 298.6080 15.06384831125673
STARLINK-1237           
1 45192U 20012Q   22160.03755655 -.00001060  00000+0 -52284-4 0  9996
2 45192  53.0573  75.2107 0001756  69.9830 290.1348 15.06388415128405
STARLINK-1239           
1 45193U 20012R   22160.15918684 -.00001950  00000+0 -11204-3 0  9997
2 45193  53.0552  74.6803 0001741  54.2837 305.8314 15.06394568128365
