STARLINK-1007           
1 44713C 19074A   23048.20465278 -.00004779  00000+0 -32035-3 0   480
2 44713  53.0509 158.7187 0001148  81.6513  84.7070 15.06387041    10
STARLINK-1008           
1 44714C 19074B   23048.18312500 -.00011707  00000+0 -78467-3 0   485
2 44714  53.0526 158.8138 0001408  81.6983  82.7127 15.06398142    12
STARLINK-1009           
1 44715C 19074C   23048.19909722 -.00006594  00000+0 -44205-3 0   486
2 44715  53.0523 158.7402 0001540  93.7967 217.2899 15.06387453    10
STARLINK-1010           
1 44716C 19074D   23048.19493056 -.00012145  00000+0 -81401-3 0   483
2 44716  53.0519 158.7595 0001189  93.3092  95.1611 15.06398104    13
STARLINK-1011           
1 44717C 19074E   23048.19076389 -.00117181  00000+0 -78373-2 0   489
2 44717  53.0508 178.7791 0000992  80.2895  95.6637 15.06582103    16
STARLINK-1012           
1 44718C 19074F   23048.19562500 -.00001102  00000+0 -73879-4 0   488
2 44718  53.0519 158.7568 0001044  89.2001 263.0655 15.06375663    18
STARLINK-1013           
1 44719C 19074G   23048.19076389 -.00008792  00000+0 -58933-3 0   489
2 44719  53.0506 158.7829 0001103  96.0109 189.8625 15.06390197    17
STARLINK-1014           
1 44720C 19074H   23048.19145833 -.00007451  00000+0 -49945-3 0   486
2 44720  53.0505 158.7685 0001140  86.3997 108.3621 15.06391210    15
STARLINK-1015           
1 44721C 19074J   23048.19562500 -.00050281  00000+0 -33669-2 0   485
2 44721  53.0519 158.7572 0001209  97.1125 174.9962 15.06470884    17
STARLINK-1017           
1 44723C 19074L   23048.19631944 -.00060135  00000+0 -40273-2 0   484
2 44723  53.0534 158.7506 0001175  55.2992 120.4932 15.06476260    19
STARLINK-1019           
1 44724C 19074M   23048.19145833 -.00020679  00000+0 -13860-2 0   483
2 44724  53.0530 158.7726 0000760  84.0992 265.5274 15.06407232    12
STARLINK-1020           
1 44725C 19074N   23048.19701389  .00001847  00000+0  12383-3 0   482
2 44725  53.0507 178.7524 0001182  77.7017 272.0716 15.06381012    12
STARLINK-1021           
1 44726C 19074P   23048.19076389 -.00012131  00000+0 -81314-3 0   488
2 44726  53.0546 158.7725 0001365  82.0089 283.8538 15.06396020    15
STARLINK-1022           
1 44727C 19074Q   23048.19006944 -.00003358  00000+0 -22503-3 0   485
2 44727  53.0511 198.7818 0001417  90.5102  76.7003 15.06394031    19
STARLINK-1024           
1 44729C 19074S   23048.21437500  .00102608  00000+0  36692-2 0   485
2 44729  53.0189 145.6356 0002334  13.2078  71.2291 15.28158693    18
STARLINK-1026           
1 44731C 19074U   23048.19979167 -.00212726  00000+0 -14215-1 0   486
2 44731  53.0519 158.7387 0001247  74.8914 280.1569 15.06710760    15
STARLINK-1027           
1 44732C 19074V   23048.18590278  .00000628  00000+0  42097-4 0   484
2 44732  53.0515 178.8015 0001211  73.5773 275.9133 15.06382262    14
STARLINK-1028           
1 44733C 19074W   23048.18937500 -.00022013  00000+0 -14756-2 0   481
2 44733  53.0546 158.7788 0000834  66.9237 311.4097 15.06404705    16
STARLINK-1029           
1 44734C 19074X   23048.19354167  .00014595  00000+0  97833-3 0   487
2 44734  53.0530  78.7653 0001097  97.1244 223.7474 15.06367905    12
STARLINK-1030           
1 44735C 19074Y   23048.19562500 -.00036458  00000+0 -24421-2 0   486
2 44735  53.0518 178.7566 0001214  94.9414 267.1218 15.06445356    13
