STARLINK-1007           
1 44713C 19074A   23048.20465278 -.00004779  00000+0 -32035-3 0   480
2 44713  53.0509 158.7187 0001148  81.6513  84.7070 15.06387041    10
STARLINK-1008           
1 44714C 19074B   23048.18312500 -.00011707  00000+0 -78467-3 0   485
2 44714  53.0526 158.8138 0001408  81.6983  82.7127 15.06398142    12
STARLINK-1009           
1 44715C 19074C   23048.19909722 -.00006594  00000+0 -44205-3 0   486
2 44715  53.0523 158.7402 0001540  93.7967 217.2899 15.06387453    10
STARLINK-1010           
1 44716C 19074D   23048.19493056 -.00012145  00000+0 -81401-3 0   483
2 44716  53.0519 158.7595 0001189  93.3092  95.1611 15.06398104    13
STARLINK-1011           
1 44717C 19074E   23048.19076389 -.00117181  00000+0 -78373-2 0   489
2 44717  53.0508 178.7791 0000992  80.2895  95.6637 15.06582103    16
STARLINK-1012           
1 44718C 19074F   23048.19562500 -.00001102  00000+0 -73879-4 0   488
2 44718  53.0519 158.7568 0001044  89.2001 263.0655 15.06375663    18
STARLINK-1013           
1 44719C 19074G   23048.19076389 -.00008792  00000+0 -58933-3 0   489
2 44719  53.0506 158.7829 0001103  96.0109 189.8625 15.06390197    17
STARLINK-1014           
1 44720C 19074H   23048.19145833 -.00007451  00000+0 -49945-3 0   486
2 44720  53.0505 158.7685 0001140  86.3997 108.3621 15.06391210    15
STARLINK-1015           
1 44721C 19074J   23048.19562500 -.00050281  00000+0 -33669-2 0   485
2 44721  53.0519 158.7572 0001209  97.1125 174.9962 15.06470884    17
STARLINK-1017           
1 44723C 19074L   23048.19631944 -.00060135  00000+0 -40273-2 0   484
2 44723  53.0534 158.7506 0001175  55.2992 120.4932 15.06476260    19
STARLINK-1019           
1 44724C 19074M   23048.19145833 -.00020679  00000+0 -13860-2 0   483
2 44724  53.0530 158.7726 0000760  84.0992 265.5274 15.06407232    12
STARLINK-1020           
1 44725C 19074N   23048.19701389  .00001847  00000+0  12383-3 0   482
2 44725  53.0507 178.7524 0001182  77.7017 272.0716 15.06381012    12
STARLINK-1021           
1 44726C 19074P   23048.19076389 -.00012131  00000+0 -81314-3 0   488
2 44726  53.0546 158.7725 0001365  82.0089 283.8538 15.06396020    15
STARLINK-1022           
1 44727C 19074Q   23048.19006944 -.00003358  00000+0 -22503-3 0   485
2 44727  53.0511 198.7818 0001417  90.5102  76.7003 15.06394031    19
STARLINK-1024           
1 44729C 19074S   23048.21437500  .00102608  00000+0  36692-2 0   485
2 44729  53.0189 145.6356 0002334  13.2078  71.2291 15.28158693    18
STARLINK-1026           
1 44731C 19074U   23048.19979167 -.00212726  00000+0 -14215-1 0   486
2 44731  53.0519 158.7387 0001247  74.8914 280.1569 15.06710760    15
STARLINK-1027           
1 44732C 19074V   23048.18590278  .00000628  00000+0  42097-4 0   484
2 44732  53.0515 178.8015 0001211  73.5773 275.9133 15.06382262    14
STARLINK-1028           
1 44733C 19074W   23048.18937500 -.00022013  00000+0 -14756-2 0   481
2 44733  53.0546 158.7788 0000834  66.9237 311.4097 15.06404705    16
STARLINK-1029           
1 44734C 19074X   23048.19354167  .00014595  00000+0  97833-3 0   487
2 44734  53.0530  78.7653 0001097  97.1244 223.7474 15.06367905    12
STARLINK-1030           
1 44735C 19074Y   23048.19562500 -.00036458  00000+0 -24421-2 0   486
2 44735  53.0518 178.7566 0001214  94.9414 267.1218 15.06445356    13
STARLINK-1031           
1 44736C 19074Z   23048.18659722 -.00000635  00000+0 -42567-4 0   480
2 44736  53.0505 178.7987 0001102  82.8400 150.3974 15.06389729    17
STARLINK-1032           
1 44737C 19074AA  23048.20395833  .00002856  00000+0  19146-3 0   485
2 44737  53.0513 178.7181 0001115  78.4661 188.9803 15.06382511    17
STARLINK-1033           
1 44738C 19074BA  23047.80604167  .00042956  00000+0  28789-2 0   470
2 44738  53.0509 180.5060 0001174  84.7176 263.6814 15.06345335    12
STARLINK-1035           
1 44740C 19074AD  23048.19562500  .00002174  00000+0  14570-3 0   483
2 44740  53.0507 178.7574 0001174  84.0233 158.1995 15.06385445    13
STARLINK-1036           
1 44741C 19074AE  23048.19006944 -.00001687  00000+0 -11307-3 0   484
2 44741  53.0514 178.7809 0001475  91.9833  60.1128 15.06390908    10
STARLINK-1038           
1 44743C 19074AG  23048.18868056  .00001588  00000+0  10642-3 0   484
2 44743  53.0508 198.7871 0001199  93.3686 141.1834 15.06383657    18
STARLINK-1039           
1 44744C 19074AH  23048.20534722  .00002367  00000+0  15865-3 0   486
2 44744  53.0510 198.7135 0001132  90.4854 174.4922 15.06383924    11
STARLINK-1041           
1 44746C 19074AK  23048.18798611  .00006729  00000+0  45092-3 0   485
2 44746  53.0504 198.7912 0001277  83.5104 167.2647 15.06384140    15
STARLINK-1042           
1 44747C 19074AL  23048.20395833 -.00002166  00000+0 -14213-3 0   482
2 44747  53.0528 198.5914 0001401  89.5490 151.1167 15.07171946    13
STARLINK-1043           
1 44748C 19074AM  23048.19701389  .00001628  00000+0  10909-3 0   486
2 44748  53.0502 198.7506 0001140  86.2601 253.5057 15.06390020    13
STARLINK-1046           
1 44751C 19074AQ  23048.19284722  .00003278  00000+0  21972-3 0   482
2 44751  53.0503 198.7710 0001114  81.7423 155.4138 15.06382162    16
STARLINK-1047           
1 44752C 19074AR  23048.20187500 -.00015524  00000+0 -10404-2 0   487
2 44752  53.0523 178.7256 0001395  87.8982  88.2517 15.06403508    12
STARLINK-1048           
1 44753C 19074AS  23048.20326389 -.00005542  00000+0 -37149-3 0   483
2 44753  53.0510 158.7247 0001134  85.2955  68.4006 15.06387980    18
STARLINK-1049           
1 44754C 19074AT  23048.18104167  .00007989  00000+0  53557-3 0   485
2 44754  53.0514 158.8254 0001128  84.5970 288.5302 15.06369637    17
STARLINK-1034           
1 44757C 19074AW  23048.19493056 -.00003824  00000+0 -25627-3 0   480
2 44757  53.0517 178.7602 0001151  85.5490 352.9131 15.06389751    10
STARLINK-1053           
1 44758C 19074AX  23048.19770833  .00004987  00000+0  33424-3 0   485
2 44758  53.0516 198.8337 0001073  80.9014 282.5654 15.06385023    18
STARLINK-1054           
1 44759C 19074AY  23048.19979167  .00001550  00000+0  10390-3 0   487
2 44759  53.0511 198.7373 0001464  91.5064  23.3739 15.06383629    15
STARLINK-1055           
1 44760C 19074AZ  23048.21368056  .00031847  00000+0  19891-2 0   487
2 44760  53.0501 198.2183 0001507 180.3181 327.4752 15.08948184    13
STARLINK-1056           
1 44761C 19074BA  23048.20534722 -.00003701  00000+0 -24799-3 0   486
2 44761  53.0503 198.7151 0001147  87.3754  77.5964 15.06396353    19
STARLINK-1057           
1 44762C 19074BB  23048.19493056 -.00045944  00000+0 -30772-2 0   481
2 44762  53.0519 178.7593 0001341  66.2781  32.0076 15.06458575    12
